# <REAL WORLD METERS (x, y ,z)>: root_tx, root_ty, root_tz, root_rz, root_ry, root_rx, spine_3_ry, spine_3_rz, spine_3_rx, spine_4_ry, spine_4_rz, spine_4_rx, spine_2_ry, spine_2_rz, spine_2_rx, spine_1_ry, spine_1_rz, spine_1_rx, neck_1_ry, neck_1_rz, neck_1_rx, head_ee_ry, left_clavicle_ry, left_clavicle_rz, left_shoulder_rz, left_shoulder_rx, left_shoulder_ry, left_elbow_rx, left_lowarm_twist, left_hand_rx, left_hand_ry, left_ee_rx, right_clavicle_ry, right_clavicle_rz, right_shoulder_rz, right_shoulder_rx, right_shoulder_ry, right_elbow_rx, right_lowarm_twist, right_hand_rx, right_hand_ry, right_ee_rx, left_hip_rx, left_hip_rz, left_hip_ry, left_knee_rx, left_ankle_rx, left_ankle_ry, left_toes_rx, left_foot_ee, right_hip_rx, right_hip_rz, right_hip_ry, right_knee_rx, right_ankle_rx, right_ankle_ry, right_toes_rx, right_foot_ee
0,-600.05,300,3000,3.11,2.8,-3.198,0,0,0,0,0,0,-0.91305,0.58992,0,0,0,0,-1.1417,0.67195,0,0,0.082031,0.43459,0,0,0,0,0,0,0,0,0
378,1029.9,1023.7,4703.4,3.3173,1.2276,-2.9608,0,0.3,0.49761,-0.37879,-0.4,-1.9609,1.5524,0.82821,-0.039976,-0.4,0.39269,-2,-1.347,0.95217,-2.6186,0.55464,0.26559,-0.41167,0.095861,0.31154,0.27382,0.59958,0.0043107,-0.4,-0.275,-0.1242,0.5
379,1529.5,1214.2,6309.2,3.5482,-0.47837,-3.3482,0,-0.22129,0.33277,-0.4,0.4,-2,1.0774,-0.98462,-1.3883,0.5,0.4,-1.0804,-1.4,-0.74186,0,0.11112,0.41538,0.34301,0.1,0.32571,-0.050379,0.6,0.1,-0.4,0.5,0.7,0.5
380,969.63,794.73,4294,3.6202,-2.7124,-3.2356,0,0.3,-0.5,-0.4,0.076079,0.7,-0.9842,-1,-0.51987,0.5,-0.23225,-0.052101,-1.2506,0.43833,0,1.0359,0.50303,-0.6,0.1,0.20701,-0.62163,0.031567,-0.33855,-0.24604,0.5,-0.39242,0.38819
381,803.75,669.82,3693.4,3.6229,-3.3398,-3.2681,0,0.29943,-0.5,-0.27202,0.31808,0.53903,-1.4,-0.96294,-0.023913,0.5,-0.4,-0.044493,-1.4,1,-1.639,1.1237,0.22715,-0.6,0.1,0.59477,-0.62497,0.0020696,-0.83999,0.7,0.5,-0.15736,0.30537
382,1056.7,819.74,4381.6,3.4274,-3.3795,-3.0941,0,0.14093,-0.5,-0.15356,0.24393,0.44668,-1.1807,-1,0,0.5,-0.4,0.20318,-0.94451,1,-0.60055,0.71641,0.041282,-0.6,0.1,0.59025,-0.12799,0.15535,-0.053379,-0.03102,0.5,-0.30756,0.5
383,1181.1,925.71,4813.3,3.2228,-3.4299,-3.0962,0,0.055045,-0.22758,-0.4,0.4,-0.43287,-1.0696,0.28544,-1.1479,0.41638,-0.20691,0.14062,-0.82843,0.16428,-1.4182,0.29824,0.089855,-0.58678,0.1,0.15796,-0.038253,0.10512,-0.34095,-0.4,0.5,-0.4,0.5
384,1091.5,931.71,4517.2,3.1861,-3.3687,-3.1037,0,0.089616,-0.0058324,-0.4,-0.050614,-0.78425,-0.57982,0.1245,-1.6969,0.39605,-0.22647,-0.058563,-0.67668,-0.031129,-2.218,0.02865,0.067994,-0.6,0.0030752,-0.075105,0.20292,-0.084451,-0.4541,-0.2167,0.46962,-0.32215,0.5
385,1070,982.99,4411.9,3.2155,-3.458,-3.0215,0,-0.098621,0.057497,-0.29288,0.3842,-0.61454,-0.43629,-0.64176,-1.8463,0.042584,0.16075,-0.54307,-0.7677,-0.10274,-2.1954,-0.083368,-0.016958,-0.6,-0.15428,-0.091909,0.41677,-0.05292,-0.39405,-0.32894,0.5,-0.34132,0.5
386,1061.4,1045.5,4361,3.2117,-3.5011,-3.0364,0,-0.056321,0.034722,-0.17118,0.37424,-0.56464,-0.3723,-0.71935,-1.8502,-0.033214,0.3548,-0.5625,-0.81789,-0.22542,-2.2285,-0.10923,-0.03115,-0.52175,-0.22427,-0.10159,0.4809,-0.12644,-0.31531,-0.24646,0.5,-0.38875,0.37301
387,1054.1,1134.8,4342.8,3.2207,-3.5868,-3.0443,0,0.044455,0.016617,-0.026905,0.28716,-0.48455,-0.32045,-0.70312,-1.9326,-0.15511,0.07907,-0.55872,-0.44134,-0.084865,-2.1288,-0.094614,-0.030793,-0.41726,-0.12401,-0.13649,0.49979,-0.19746,-0.22583,-0.37063,0.5,-0.39784,0.36507
388,1048.1,1135.4,4318.1,3.2053,-3.5853,-3.0554,0,0.068233,0.061488,0.12093,0.19408,-0.44722,-0.28228,-0.46654,-1.8266,-0.29956,0.041898,-0.29631,-0.3519,-0.73497,-1.7309,-0.061468,-0.035481,-0.35828,-0.15098,-0.14165,0.52102,-0.19601,-0.22436,-0.28682,0.5,-0.39959,0.4741
389,1040.6,1192.4,4297.4,3.2217,-3.6713,-3.0615,0,0.12947,0.1515,0.12522,0.18399,-0.2586,-0.26371,-0.30577,-1.9775,-0.38117,-0.013099,-0.29627,-0.42462,-0.23303,-2.1629,-0.056025,-0.042215,-0.19382,-0.23553,-0.12691,0.54196,-0.17793,-0.28285,-0.040409,0.33512,-0.39992,0.44873
390,1031.3,1242.2,4268.3,3.2812,-3.7896,-3.049,0,0.17026,0.050566,0.21991,0.17569,0.20513,-0.076524,0.006152,-1.5788,-0.39645,0.058814,-0.069222,-0.52184,-0.090106,-2.169,-0.24325,-0.21386,0.12435,-0.90487,-0.16333,0.55085,-0.044177,-0.61706,-0.025366,0.10889,-0.24132,0.47723
391,1015.6,1269.2,4282.7,3.3429,-3.727,-3.0467,0,0.11953,-0.044215,0.39671,0.093698,0.27034,-0.15539,0.66453,-0.84995,-0.39933,-0.031002,-0.040288,-0.59537,0.45902,-1.6116,-0.26269,-0.22218,0.21907,-1.2212,-0.28201,0.50437,0.071116,-1.0742,0.1808,0.13478,-0.36956,0.27933
392,1004,1286.8,4286.8,3.3845,-3.6691,-3.0468,0,0.039204,-0.12191,0.46517,0.034419,0.32622,-0.25272,0.89788,-0.65922,-0.39987,-0.065777,0.077954,-0.61643,0.73165,-1.2639,-0.28358,-0.21193,0.29632,-1.2757,-0.36373,0.47217,0.11572,-1.3582,-0.1768,0.23666,-0.23115,0.25365
393,972.61,1282.1,4301.5,3.3578,-3.7486,-3.0619,0,-0.05703,-0.31786,0.4935,0.021797,0.35724,-0.35388,0.98188,-0.71436,-0.36235,-0.26869,0.12819,-0.68731,0.84183,-0.60916,-0.27617,-0.22676,0.35899,-1.2466,-0.42357,0.42898,0.12275,-1.476,-0.28226,-0.02389,-0.15805,0.34018
394,968.98,1288.5,4316.2,3.3141,-3.8344,-3.0943,0,-0.088535,-0.36669,0.49878,0.0028017,0.3144,-0.51667,0.96634,-0.4652,-0.39283,-0.3755,0.083135,-0.6179,0.97139,-0.31984,-0.26137,-0.22907,0.45796,-1.1747,-0.47482,0.32804,0.12767,-1.4933,-0.37771,0.064989,-0.083463,0.33866
395,933.41,1226.5,4288.5,3.2074,-3.7435,-3.1276,0,-0.0014879,-0.25927,0.49604,-0.00365,0.24611,-0.57918,0.99388,-0.28115,-0.22709,-0.3954,0.19794,-0.5542,0.99477,-0.26602,-0.23365,-0.2096,0.54171,-0.91492,-0.49193,0.3278,-0.014341,-1.1856,-0.39577,0.19731,-0.33973,0.21348
396,916.03,1199.6,4275.3,3.1642,-3.7068,-3.1411,0,0.033677,-0.21585,0.49493,-0.0062606,0.21846,-0.60452,0.99887,-0.20573,-0.16003,-0.39913,0.24457,-0.52845,0.99904,-0.24391,-0.22246,-0.20173,0.57582,-0.80999,-0.49886,0.3277,-0.071766,-1.0613,-0.39919,0.25076,-0.3885,0.16275
397,841.75,1109.6,4195.3,3.0595,-3.652,-3.1762,0,-0.024932,-0.138,0.4414,0.22125,0.45076,-0.58791,0.99979,-0.60989,0.095837,-0.39294,0.2755,-0.52363,0.99982,-0.43913,-0.081147,-0.13304,0.59549,-0.51596,-0.36706,0.28887,-0.21754,-0.63693,-0.39985,-0.11544,-0.3978,0.43602
398,805.12,1065.4,4155.9,3.017,-3.6298,-3.1904,0,-0.048614,-0.10655,0.41976,0.31346,0.54528,-0.58118,0.99996,-0.7731,0.19992,-0.39044,0.28805,-0.52168,0.99997,-0.51854,-0.02392,-0.10529,0.59915,-0.3964,-0.31381,0.27317,-0.27665,-0.46407,-0.39997,-0.26456,-0.39958,0.48783
399,771.98,935.08,4091.4,3.0219,-3.6028,-3.1914,0,-0.10456,-0.10572,0.37422,0.24766,0.56923,-0.70232,0.9663,-0.76769,0.19871,-0.34714,0.32952,-0.51123,0.99999,-0.75268,0.0058161,-0.073834,0.59984,-0.29951,-0.24628,0.26606,-0.30544,-0.3483,-0.39999,-0.45674,-0.39992,0.49768
400,753.45,905.44,4001.3,3.0462,-3.5592,-3.192,0,-0.058809,0.013657,0.31355,0.2374,0.61938,-0.78268,0.99365,-0.67414,0.16919,-0.33403,0.36418,-0.5352,1,-0.83951,0.0097208,-0.043897,0.54861,-0.2954,-0.19863,0.26314,-0.32525,-0.32984,-0.4,-0.49199,-0.39998,0.49956
401,719.07,828.39,3928,3.0798,-3.5813,-3.1847,0,0.028047,-0.14553,0.2873,0.16789,0.5507,-0.96532,0.9988,-0.31878,0.098656,-0.352,0.35005,-0.6373,1,-0.70974,0.041465,-0.035628,0.5407,-0.26747,-0.1272,0.2758,-0.33162,-0.2515,-0.4,-0.24742,-0.4,0.49992
402,685.27,739.15,3864.2,3.0726,-3.5756,-3.1788,0,0.094557,-0.021538,0.27381,0.063417,0.48233,-1.0782,0.99977,-0.21538,0.14458,-0.39083,0.30469,-0.70572,1,-0.66417,0.049823,-0.050875,0.50033,-0.24787,-0.068105,0.28804,-0.32046,-0.27779,-0.17163,0.059663,-0.28952,0.49998
403,678.87,712.17,3838.2,3.0511,-3.536,-3.1696,0,0.25477,-0.086612,0.21127,0.016291,0.25445,-1.1179,0.99996,-0.33268,0.37225,-0.39825,0.22159,-0.68176,1,-0.82932,0.025983,-0.091375,0.43901,-0.22381,-0.034551,0.31426,-0.26842,-0.29,-0.1291,-0.0084036,-0.23778,0.49503
404,676.39,743.4,3818.4,3.0411,-3.5459,-3.1523,0,0.17916,-0.019306,0.26979,0.0088803,0.099131,-1.1446,0.99999,-0.51562,0.36001,-0.39657,0.24235,-0.64668,0.84928,-1.017,-0.024584,-0.13828,0.37835,-0.16943,-0.048711,0.33705,-0.22296,-0.26288,-0.34831,0.037789,-0.36894,0.203
405,669.68,762.12,3790.9,3.0557,-3.5715,-3.1069,0,0.1018,-0.0557,0.21196,0.069676,-0.074913,-1.0686,1,-1.0141,0.32979,-0.33865,0.36312,-0.68356,0.77473,-1.2386,-0.089764,-0.18101,0.23999,-0.15574,-0.076572,0.36794,-0.11977,-0.26442,-0.39012,0.21479,-0.39404,0.1156
406,666.4,771.31,3777.3,3.0615,-3.5817,-3.0886,0,0.070572,-0.07039,0.18857,0.094217,-0.1457,-1.0378,1,-1.2176,0.31755,-0.31526,0.41204,-0.69847,0.74458,-1.3288,-0.11611,-0.19829,0.1839,-0.15019,-0.087832,0.38042,-0.078015,-0.26504,-0.39811,0.28665,-0.39886,0.080138
407,655.86,769.28,3752.2,3.097,-3.5473,-3.0847,0,0.12712,-0.060755,0.098251,0.12657,-0.22723,-1.0578,0.89443,-1.2949,0.23577,-0.28043,0.41834,-0.68034,0.89939,-1.3758,-0.045017,-0.17557,0.14455,-0.20307,-0.10924,0.35734,-0.10177,-0.25549,-0.18555,0.3884,-0.39978,-0.075606
408,639.67,769.54,3723.4,3.0883,-3.4774,-3.0776,0,0.12544,-0.077585,-0.00047935,0.18719,-0.36232,-1.0045,0.90946,-1.4056,0.28836,-0.31666,0.40338,-0.67366,0.98085,-1.236,-0.02225,-0.16705,0.18859,-0.277,-0.14554,0.33143,-0.099223,-0.35211,-0.11922,0.26445,-0.39996,-0.016343
409,631.15,766.11,3702.1,3.0937,-3.5063,-3.0894,0,0.058505,-0.029672,0.029898,0.19026,-0.3866,-0.96552,0.93205,-1.4548,0.31641,-0.38404,0.38856,-0.70031,0.99635,-1.0074,-0.082864,-0.20689,0.28224,-0.48283,-0.18206,0.30918,-0.11451,-0.44238,-0.1947,0.013427,-0.39999,0.047435
410,608.34,742.83,3684.9,3.085,-3.5232,-3.1107,0,0.0049921,-0.042327,0.13307,0.16185,-0.32089,-0.99338,0.90013,-1.3898,0.2764,-0.39694,0.31266,-0.70895,0.9993,-0.59463,-0.095819,-0.21628,0.42158,-0.57776,-0.23421,0.30311,-0.14321,-0.57525,-0.30784,-0.012915,-0.24791,0.41214
411,571.24,708.49,3680,3.0708,-3.4896,-3.1421,0,-0.052974,-0.068167,0.23589,0.11669,-0.24147,-0.9122,0.78716,-1.4412,0.069165,-0.39941,0.25869,-0.67908,0.99987,-0.57566,-0.019656,-0.24702,0.5664,-0.60084,-0.25572,0.27627,-0.24096,-0.61594,-0.043822,-0.1894,-0.29786,0.48345
412,561.26,708.36,3668.2,3.0765,-3.4749,-3.1448,0,-0.050592,0.070442,0.31021,0.068859,-0.19409,-0.88266,0.73733,-1.2913,-0.059127,-0.38191,0.20694,-0.63724,0.99997,-0.64014,0.026276,-0.23989,0.59365,-0.55082,-0.2636,0.27369,-0.28296,-0.63312,-0.060956,-0.034642,-0.38041,0.49687
413,528.1,673.4,3662.1,3.0874,-3.3946,-3.1624,0,-0.060365,0.0064137,0.31766,0.020234,-0.13126,-0.80147,0.8671,-1.3007,-0.10623,-0.39653,0.17491,-0.59102,0.99999,-0.52641,0.088447,-0.2418,0.56974,-0.53045,-0.24821,0.25214,-0.34015,-0.69208,0.043447,-0.41148,-0.39624,0.49941
414,506.97,655.52,3661.1,3.0908,-3.3472,-3.1743,0,-0.074603,-0.066939,0.35935,-0.046413,-0.1084,-0.79729,0.93681,-1.1399,-0.13863,-0.39933,0.18929,-0.58083,1,-0.54356,0.12744,-0.26421,0.51486,-0.48778,-0.26093,0.23419,-0.37403,-0.7331,0.10397,-0.19321,-0.39928,0.49989
415,496.6,646.77,3660.6,3.0922,-3.328,-3.1791,0,-0.080359,-0.096584,0.37622,-0.073395,-0.099167,-0.7956,0.96501,-1.0749,-0.15176,-0.39987,0.1951,-0.57671,1,-0.5505,0.14323,-0.27326,0.49269,-0.47054,-0.26607,0.22693,-0.38774,-0.74972,0.12851,-0.10509,-0.39986,0.49998
416,492.87,634.37,3627.3,3.0661,-3.2362,-3.1767,0,-0.0093413,-0.11043,0.2828,-0.15754,-0.010221,-0.72036,0.99331,-0.6784,-0.030579,-0.39362,0.22309,-0.55241,1,-0.63147,0.1715,-0.29479,0.32703,-0.37945,-0.24855,0.22654,-0.31504,-0.64953,-0.19584,0.020105,-0.098612,0.4921
417,488.4,630.23,3617.9,3.1122,-3.0843,-3.1313,0,-0.047758,-0.14394,0.19984,-0.35482,0.038553,-0.55396,0.99872,-0.34057,0.098166,-0.39877,0.16029,-0.50508,1,-0.77958,0.12001,-0.22402,0.032569,-0.53595,-0.2092,0.16326,-0.10562,-0.59521,-0.36163,-0.0084234,0.011938,0.28979
418,483.82,628.45,3599.9,3.0739,-3.1311,-3.1332,0,0.01131,-0.18498,0.1942,-0.37873,0.11861,-0.53103,0.99975,-0.37812,0.14494,-0.39976,0.24387,-0.44009,0.89618,-0.92596,-0.046343,-0.17139,-0.055509,-0.68761,-0.20622,0.037382,0.11704,-0.58246,-0.39276,0.077163,0.0094284,0.19187
419,470.97,629.68,3569.7,3.0524,-3.1237,-3.124,0,-0.015198,-0.22189,0.19921,-0.36585,0.23878,-0.49225,0.99995,-0.39187,0.057547,-0.28132,0.30744,-0.34221,0.70196,-1.4332,-0.098768,-0.12917,-0.096494,-0.82695,-0.17531,0.00098882,0.24509,-0.57831,-0.38062,-0.059774,0.088819,0.092408
420,456,641.8,3547.5,3.0419,-3.1521,-3.141,0,-0.033762,-0.18561,0.22421,-0.31696,0.39028,-0.47106,0.99999,-0.4667,0.17805,-0.25826,0.17735,-0.30993,0.25723,-1.7519,-0.11724,-0.075749,-0.058419,-0.83239,-0.10201,0.016132,0.30988,-0.48211,-0.39632,-0.095118,-0.096354,0.11417
421,437.24,676.56,3519.1,3.1117,-3.155,-3.1434,0,0.022459,-0.23649,0.084256,-0.21305,0.42327,-0.39996,1,-0.74369,0.25688,-0.010528,0.31145,-0.44866,-0.016456,-2.1881,-0.13859,-0.018091,-0.018574,-0.77307,-0.0046293,0.066902,0.33476,-0.4147,-0.3993,-0.063534,-0.34268,0.025423
422,410.04,705.7,3491.8,3.1406,-3.1181,-3.146,0,0.055817,-0.45066,0.064766,-0.14837,0.35133,-0.40054,1,-0.98157,0.42864,0.068869,0.27863,-0.51415,0.078625,-1.4222,-0.11653,0.056048,0.023957,-0.44533,0.031847,0.096597,0.37063,-0.3333,-0.39987,-0.29085,-0.38914,-0.12386
423,396.74,719.66,3478.4,3.1523,-3.1031,-3.147,0,0.0693,-0.49072,0.05688,-0.12222,0.32221,-0.40078,1,-1.0782,0.48661,0.10112,0.26538,-0.54061,0.11731,-1.1116,-0.10762,0.086092,0.041148,-0.31223,0.046619,0.10859,0.38519,-0.30031,-0.39997,-0.38314,-0.39794,-0.18452
424,385.26,717.99,3397.8,3.1439,-3.1772,-3.121,0,-0.0027115,-0.20833,-0.09511,-0.059854,0.39046,-0.39823,1,-1.0746,0.49748,0.095059,0.20061,-0.75303,0.09411,-2.1436,-0.12741,0.11747,0.061485,-0.31318,0.13034,0.1278,0.32897,-0.58083,-0.39999,-0.24058,0.14256,0.054655
425,377.28,712.89,3348,3.1495,-3.1906,-3.1149,0,-0.087046,-0.086862,-0.13255,-0.02862,0.39068,-0.41768,1,-1.0408,0.49952,0.067159,0.19688,-0.79202,0.14601,-2.0845,-0.15367,0.14378,0.0857,-0.21314,0.1492,0.12549,0.32218,-0.7305,-0.4,-0.13824,0.25305,0.1987
426,352.43,694.04,3280.8,3.1671,-3.1463,-3.1078,0,-0.081356,-0.069258,-0.1336,-0.0012144,0.44441,-0.53885,1,-0.81594,0.4774,0.016892,0.19718,-0.73779,0.22939,-2.1832,-0.13061,0.15867,0.070009,-0.10547,0.12231,0.087919,0.27731,-0.91734,-0.4,-0.088823,0.2456,0.44372
427,341.16,656.48,3226.7,3.1712,-3.1327,-3.1137,0,-0.089989,-0.15388,-0.043287,0.055639,0.42608,-0.61042,1,-0.94932,0.42797,-0.068153,0.2378,-0.69186,0.25091,-2.0624,-0.068517,0.18729,0.090338,-0.072142,0.055271,0.064532,0.19014,-1.1813,-0.4,-0.17021,0.6175,-0.32802
428,335.67,638.41,3199.9,3.1728,-3.1272,-3.116,0,-0.093477,-0.18804,-0.0068192,0.078658,0.41867,-0.63938,1,-1.0033,0.408,-0.10251,0.2542,-0.67331,0.25961,-2.0134,-0.043431,0.19887,0.098546,-0.058619,0.028208,0.055082,0.15492,-1.289,-0.4,-0.2031,0.68487,-0.46836
429,342.26,560.22,3207.4,3.1948,-3.091,-3.1063,0,-0.13727,-0.15337,-0.15369,0.11087,0.055473,-0.67985,1,-0.90876,0.46442,-0.21335,0.331,-0.63302,0.21395,-1.9515,-0.10275,0.28037,-0.11536,-0.17487,-0.16073,-0.22398,0.3378,-1.3883,-0.25141,0.0071448,-0.027308,-0.061859
430,339.11,549.88,3197.7,3.1985,-3.1001,-3.1152,0,-0.15187,-0.16456,-0.04617,0.13061,0.051414,-0.74545,1,-0.86572,0.4266,-0.30699,0.36498,-0.54664,0.26347,-1.9576,-0.19965,0.33835,-0.18857,-0.32452,-0.22666,-0.28999,0.38858,-1.405,-0.1925,-0.029998,-0.19323,0.091185
431,337.6,544.82,3193,3.2001,-3.1038,-3.1188,0,-0.15778,-0.16908,-0.0027481,0.13859,0.04977,-0.77202,1,-0.84833,0.41133,-0.34495,0.37873,-0.51169,0.28346,-1.96,-0.23887,0.36185,-0.21824,-0.38506,-0.25338,-0.31679,0.40915,-1.4118,-0.16865,-0.045008,-0.26066,0.15316
432,363.31,516.43,3225.4,3.2036,-3.2,-3.1248,0,-0.22598,-0.28657,0.096199,0.03371,-0.073459,-0.8299,0.82429,-0.35413,0.3149,-0.36703,0.58814,-0.52353,0.48918,-1.7243,-0.24424,0.30682,-0.3366,-0.49952,-0.40836,-0.4014,0.38755,-1.3283,0.23039,0.21833,-0.37404,-0.29563
433,375.45,511.28,3232.5,3.1696,-3.1481,-3.1429,0,-0.19145,-0.11057,0.15953,-0.16649,-0.030563,-0.78345,0.96625,-0.44233,0.20464,-0.35626,0.38703,-0.58162,0.57763,-1.4019,-0.27755,0.26432,-0.48394,-0.36399,-0.44529,-0.34379,0.16549,-0.83061,0.047821,-0.21366,-0.082987,-0.41565
434,380.84,508.77,3235.9,3.1558,-3.1272,-3.1502,0,-0.1775,-0.03931,0.18517,-0.2477,-0.013205,-0.76467,0.99352,-0.4781,0.15996,-0.3519,0.30574,-0.60508,0.6135,-1.2705,-0.29102,0.24716,-0.54386,-0.30924,-0.46028,-0.32047,0.075476,-0.62793,-0.026024,-0.38921,0.034762,-0.46444
435,406.01,522.71,3178.5,3.1562,-3.1661,-3.1835,0,-0.031144,-0.10503,0.27798,-0.2698,0.099294,-0.65558,0.80514,-0.91641,0.10525,-0.35707,0.37858,-0.58859,0.78669,-0.897,-0.24461,0.15907,-0.53637,-0.25378,-0.25117,-0.22135,-0.020972,-0.30444,-0.24748,-0.43768,-0.31761,-0.3736
436,418.02,529.35,3150.4,3.1564,-3.1818,-3.197,0,0.028112,-0.13157,0.31561,-0.27875,0.14475,-0.61147,0.72877,-1.0947,0.083079,-0.35917,0.40802,-0.58193,0.85711,-0.74401,-0.22587,0.12345,-0.53333,-0.23135,-0.1666,-0.18133,-0.060096,-0.17214,-0.33721,-0.45735,-0.38452,-0.33685
437,414.75,520.93,3124.7,3.1648,-3.1939,-3.193,0,0.014873,-0.15502,0.12523,-0.2377,0.19822,-0.54932,0.55494,-1.4621,0.050007,-0.3922,0.2917,-0.59651,0.97345,-0.45334,-0.29189,0.097503,-0.53397,-0.23854,-0.094275,-0.13752,0.027351,-0.11467,-0.3881,0.29458,-0.22446,0.1501
438,413.22,516.92,3112.2,3.1682,-3.1988,-3.1913,0,0.0095208,-0.16449,0.048233,-0.2211,0.21985,-0.52417,0.48428,-1.6123,0.036612,-0.39851,0.24465,-0.6024,0.99504,-0.33407,-0.3186,0.087012,-0.53423,-0.24144,-0.064999,-0.11982,0.062685,-0.091234,-0.39774,0.46237,-0.15984,0.34867
439,400.81,537.32,3098.4,3.1637,-3.2156,-3.199,0,0.080957,-0.15033,0.069486,-0.22847,0.015388,-0.51037,0.07464,-2.0195,0.028425,-0.38994,0.26255,-0.61924,0.99907,-0.51812,-0.2545,0.1162,-0.45249,-0.21652,-0.043923,-0.040612,0.27544,-0.12844,-0.3254,0.27086,-0.067984,-0.22998
440,379.8,579.27,3062.2,3.1491,-3.3087,-3.1852,0,0.11546,-0.074753,0.12131,-0.30615,-0.048151,-0.57941,0.041836,-2.3019,0.062121,-0.31457,0.29705,-0.60402,0.99982,-0.79327,-0.16636,0.16234,-0.31259,-0.1257,-0.037856,0.0026702,0.4278,-0.12314,-0.25879,0.25853,-0.3374,-0.26328
441,373.73,607.39,3048.3,3.1321,-3.3321,-3.1784,0,0.063183,-0.083025,0.2574,-0.29183,-0.10991,-0.53798,0.1351,-2.2307,0.026131,-0.2749,0.39957,-0.60761,0.99997,-0.87128,-0.06352,0.20137,-0.20951,-0.18947,-0.073919,0.020679,0.51155,-0.08927,0.11708,0.028221,-0.38815,-0.27652
442,362.84,609.3,3038.3,3.1293,-3.3479,-3.173,0,0.077412,-0.069534,0.31226,-0.37386,-0.071453,-0.49623,0.086328,-2.185,-0.02306,-0.25649,0.36988,-0.59916,0.99999,-0.8214,-0.045108,0.14538,-0.035039,-0.27375,-0.059541,0.023726,0.50059,-0.085706,-0.11629,-0.10549,-0.39775,-0.28704
443,357.72,610.21,3033.4,3.1282,-3.3543,-3.1709,0,0.083163,-0.064083,0.33447,-0.39503,-0.055905,-0.47935,0.066515,-2.1664,-0.042969,-0.24906,0.35789,-0.59574,1,-0.80122,-0.037657,0.12275,0.035845,-0.30782,-0.053731,0.024958,0.49615,-0.084262,-0.21059,-0.15966,-0.39957,-0.2913
444,373.57,619.91,3011.8,3.0999,-3.262,-3.1579,0,-0.0818,-0.19634,0.41227,-0.3762,0.047642,-0.43209,0.37839,-2.0192,-0.1782,-0.29797,0.33494,-0.62337,1,-0.69674,0.030241,0.090262,0.2147,-0.45416,-0.052922,0.025349,0.45901,-0.14693,-0.13396,-0.43698,-0.39992,-0.28142
445,379.87,608.23,3002.3,3.1082,-3.2097,-3.1635,0,-0.12117,-0.093699,0.47205,-0.387,0.13938,-0.45005,0.47526,-1.68,-0.093019,-0.3805,0.37673,-0.61597,1,-0.52936,0.12041,0.0088076,0.46762,-0.55503,-0.15777,-0.012118,0.2631,-0.49722,-0.18375,-0.15967,-0.2113,-0.19817
446,382.55,602.9,2997.7,3.1115,-3.1886,-3.1657,0,-0.1371,-0.05221,0.49471,-0.39136,0.1765,-0.45731,0.51447,-1.5424,-0.058601,-0.39627,0.39362,-0.61298,1,-0.46135,0.15697,-0.024166,0.57092,-0.59595,-0.20017,-0.027243,0.18377,-0.63963,-0.20386,-0.047564,-0.13493,-0.16453
447,411.85,584.06,3031.6,3.1008,-3.1719,-3.1578,0,-0.15081,0.092002,0.41756,-0.39835,0.29459,-0.53295,0.75126,-1.2696,-0.040372,-0.39929,0.37088,-0.62965,0.90453,-0.42701,0.10594,-0.074663,0.56761,-0.51359,-0.18763,-0.091248,0.033402,-0.79077,0.21183,0.017699,0.30209,0.12885
448,425.6,573.59,3058.2,3.1403,-3.1553,-3.1653,0,-0.17742,0.067641,0.29138,-0.39968,0.20256,-0.53742,0.88506,-1.0906,-0.052483,-0.39986,0.41365,-0.58262,0.98172,-0.52609,0.068169,-0.11056,0.49212,-0.56024,-0.22231,-0.016553,-0.099336,-0.92973,0.29397,-0.064991,0.17428,0.43206
449,432.16,568.76,3070.2,3.1562,-3.1487,-3.1683,0,-0.18818,0.057788,0.24036,-0.39994,0.1654,-0.53922,0.93949,-1.0176,-0.057376,-0.39997,0.43094,-0.56362,0.9965,-0.56615,0.05291,-0.1251,0.4615,-0.57912,-0.23633,0.013634,-0.15328,-0.98633,0.32736,-0.098395,0.12248,0.48746
450,435.29,566.54,3075.8,3.1627,-3.146,-3.1695,0,-0.19253,0.053805,0.21972,-0.39999,0.15039,-0.53995,0.9616,-0.98788,-0.059352,-0.39999,0.43793,-0.55594,0.99933,-0.58234,0.046747,-0.13098,0.4491,-0.58676,-0.242,0.025832,-0.17518,-1.0094,0.34091,-0.11189,0.10151,0.49767
451,519.34,577,3103.5,3.167,-3.1044,-3.1749,0,-0.033659,-0.24354,0.16892,-0.4,0.092328,-0.57237,0.99279,-0.36418,0.036351,-0.4,0.29701,-0.46042,0.81338,-0.4918,-0.050505,-0.25944,0.22301,-0.53779,-0.17633,-0.041781,-0.22092,-0.90987,-0.0632,0.10934,0.24798,0.49956
452,542.81,593.51,3115.2,3.1877,-3.0634,-3.166,0,-0.16293,-0.12466,-0.11843,-0.4,0.20524,-0.57616,0.99864,-0.30213,0.048376,-0.32585,0.2453,-0.3594,0.94235,-0.66861,-0.13322,-0.32421,0.086003,-0.63493,-0.12298,-0.042811,-0.18195,-0.86357,-0.16692,0.19268,0.013846,0.49992
453,573.35,599.03,3131.7,3.2012,-3.1286,-3.18,0,0.046319,-0.29726,-0.094962,-0.4,0.1002,-0.43444,0.99974,-0.064855,0.054633,-0.2524,0.38179,-0.19687,0.70381,-0.96303,-0.1834,-0.18716,-0.17866,-0.58028,-0.098718,-0.093386,0.0051147,-0.89842,-0.21702,0.056957,0.36165,0.01416
454,582.05,599.59,3142.2,3.131,-3.236,-3.1827,0,-0.011878,-0.13532,0.10717,-0.4,0.15292,-0.33978,0.99995,-0.25771,0.098385,-0.19768,0.58164,-0.21188,0.54629,-1.0326,-0.40568,-0.08872,-0.28955,-0.71506,-0.15564,-0.21186,0.25337,-0.96398,-0.26431,0.011192,0.34243,-0.12661
455,593.99,624.87,3156.3,3.057,-3.2025,-3.1496,0,-0.041153,-0.16121,0.3857,-0.4,0.15201,-0.38001,0.99999,-0.059691,0.010721,-0.16975,0.34309,-0.27438,0.35028,-1.372,-0.39941,-0.03533,-0.33587,-0.65246,-0.13012,-0.16992,0.46969,-0.868,-0.085672,0.16305,0.43535,-0.17784
456,582.52,665.89,3162,3.0478,-3.1637,-3.1214,0,-0.12631,-0.058684,0.2524,-0.4,0.13338,-0.32553,1,-0.25447,0.066173,-0.072672,0.25814,-0.29784,0.37764,-1.5944,-0.39414,0.0042692,-0.24381,-0.69595,-0.0084635,-0.10657,0.57583,-0.69516,-0.23186,0.069359,0.060821,-0.17763
457,576.97,685.89,3164.7,3.0441,-3.1481,-3.1099,0,-0.16074,-0.017217,0.19858,-0.4,0.12586,-0.30348,1,-0.33342,0.088585,-0.033317,0.22374,-0.30732,0.38874,-1.6854,-0.392,0.020285,-0.20654,-0.71355,0.040812,-0.080995,0.59549,-0.62515,-0.2911,0.031529,-0.091175,-0.17754
458,589.48,739.79,3154.2,3.0384,-3.137,-3.0863,0,-0.016916,-0.090295,0.19332,-0.38472,0.16413,-0.29676,1,-0.56201,0.098116,-0.080601,0.17915,-0.39565,0.42457,-1.9266,-0.38091,0.11999,-0.079307,-0.80781,0.099363,-0.035171,0.59915,-0.59231,-0.13325,-0.018628,-0.34289,-0.3735
459,572.99,737.15,3160.7,3.0317,-3.1009,-3.0821,0,-0.025739,-0.075661,0.2299,-0.36079,0.16721,-0.27811,1,-0.72405,0.17438,-0.1532,0.14883,-0.47094,0.5539,-1.8623,-0.37723,0.21848,0.0562,-0.73574,0.14638,0.026467,0.59984,-0.57821,-0.34972,-0.34649,-0.38937,-0.17452
460,558.37,730.5,3146.1,3.0538,-3.0599,-3.0849,0,-0.0039289,-0.085367,0.18258,-0.27424,0.15055,-0.33909,1,-0.86983,0.27331,-0.10683,0.12625,-0.58187,0.51704,-1.7754,-0.30944,0.17547,0.1848,-0.65709,0.17818,0.041715,0.59997,-0.54218,-0.39049,-0.36701,-0.39801,-0.025594
461,546.06,720.05,3099.4,3.0318,-3.1125,-3.0879,0,-0.0085146,-0.081626,0.12349,-0.18192,0.2058,-0.40841,1,-1.0645,0.23096,-0.07902,0.20021,-0.69936,0.55,-1.7615,-0.15389,0.17736,0.28636,-0.4084,0.143,0.047921,0.59983,-0.69463,-0.39819,-0.33309,-0.30588,-0.019948
462,524.92,705.66,3088.9,3.0285,-3.1327,-3.0919,0,-0.11612,-0.04217,0.11365,-0.16473,0.2132,-0.46791,1,-1.1828,0.17904,-0.098242,0.27267,-0.76641,0.66241,-1.5967,-0.10548,0.18274,0.34376,-0.30207,0.09787,0.026649,0.57924,-0.78638,-0.30356,-0.35891,-0.12019,-0.41078
463,521.37,677.23,3084.2,3.051,-3.1304,-3.1012,0,-0.060353,-0.17946,0.037576,-0.16175,0.23051,-0.49746,1,-1.2697,0.041056,-0.22395,0.26214,-0.81576,0.64979,-1.2183,-0.064026,0.169,0.32581,-0.31923,0.036909,-0.024033,0.51405,-0.9407,0.14902,-0.064831,0.47962,-0.48331
464,519.73,664.08,3082,3.0601,-3.1295,-3.1049,0,-0.037833,-0.23503,0.006782,-0.16054,0.2375,-0.50942,1,-1.3051,-0.014798,-0.27482,0.25788,-0.83578,0.64469,-1.0643,-0.047241,0.16345,0.31854,-0.32618,0.012285,-0.044502,0.48773,-1.0033,0.3336,0.054413,0.6599,-0.49686
465,471.91,615.89,3086.5,3.1017,-3.0461,-3.1064,0,-0.17654,-0.26544,0.028148,-0.35441,0.037051,-0.58724,1,-1.0731,0.0053232,-0.28663,0.32443,-0.77116,0.9337,-0.61891,-0.10194,0.11856,0.12972,-0.75206,-0.13639,-0.23154,0.27376,-1.2125,0.29561,-0.26782,0.43128,-0.11391
466,448.62,592.43,3088.5,3.1185,-3.0124,-3.107,0,-0.23271,-0.27775,0.036784,-0.3913,-0.044208,-0.61875,1,-0.97938,0.013455,-0.2914,0.35133,-0.74503,0.98756,-0.43635,-0.12404,0.10044,0.053308,-0.92536,-0.19665,-0.30741,0.18693,-1.2977,0.28019,-0.3986,0.33871,0.041535
467,456.69,609.89,3099.4,3.0705,-2.9937,-3.1101,0,-0.22987,-0.19026,0.26004,-0.39834,-0.070982,-0.58734,0.99416,-1.0063,-0.029921,-0.25418,0.38525,-0.70511,0.99765,-0.48067,-0.097583,0.069281,0.017461,-0.81775,-0.30529,-0.28185,0.14705,-1.1457,0.059606,-0.010159,0.46255,0.41629
468,460.55,618.12,3104,3.0511,-2.9862,-3.1113,0,-0.22872,-0.15492,0.35058,-0.39968,-0.081825,-0.57465,0.99181,-1.0172,-0.047464,-0.23915,0.39897,-0.68899,0.99956,-0.49872,-0.086891,0.056692,0.0029579,-0.77421,-0.34937,-0.27151,0.13087,-1.0842,-0.029578,0.14765,0.51281,0.48457
469,460.14,637.24,3116.3,3.0207,-2.9147,-3.0881,0,-0.19816,-0.031709,0.20677,-0.39994,-0.095902,-0.44724,0.79264,-1.1552,-0.19602,-0.22984,0.35743,-0.56413,0.91763,-0.80469,-0.14124,-0.080483,-0.14954,-0.56157,-0.26672,-0.19835,-0.016508,-0.38294,-0.11451,0.20976,-0.23372,0.49714
470,456.97,639.58,3121.7,3.0436,-2.867,-3.0609,0,-0.1323,-0.22583,0.2569,-0.39999,-0.08669,-0.39248,0.79483,-1.1095,-0.27686,-0.24554,0.29155,-0.51811,0.79364,-0.91723,-0.15555,-0.15331,-0.32123,-0.53302,-0.26402,-0.14503,-0.012969,-0.26563,-0.34673,0.23357,-0.36942,0.49946
471,451.47,610.69,3095.7,3.0281,-2.8316,-3.0468,0,-0.13259,-0.19059,0.26384,-0.4,-0.020556,-0.39882,0.78394,-1.1321,-0.22742,-0.25615,0.24891,-0.47172,0.67554,-0.59473,-0.16596,-0.16427,-0.37712,-0.70073,-0.25264,-0.12234,-0.030281,-0.30927,-0.39001,-0.0050262,-0.35583,0.33454
472,448.9,598.09,3084.3,3.0152,-2.8129,-3.0396,0,-0.12954,-0.16497,0.25628,-0.4,0.010006,-0.37258,0.78221,-1.1484,-0.19597,-0.26726,0.2442,-0.44582,0.58832,-0.47918,-0.18178,-0.16968,-0.39427,-0.77358,-0.25923,-0.11525,-0.029798,-0.33082,-0.39812,-0.10758,-0.34367,0.25631
473,447.69,592.08,3079,3.01,-2.8053,-3.0367,0,-0.12831,-0.15463,0.25322,-0.4,0.022346,-0.36197,0.78151,-1.1549,-0.18325,-0.27175,0.24229,-0.43533,0.55296,-0.43222,-0.18817,-0.17187,-0.40123,-0.80306,-0.2619,-0.11239,-0.029603,-0.33957,-0.39964,-0.14908,-0.33874,0.22473
474,458.5,600.82,3086.8,3.0222,-2.8663,-3.031,0,-0.13647,-0.13333,0.27776,-0.4,-0.022356,-0.38681,0.95838,-0.70822,-0.074846,-0.26701,0.19694,-0.37108,0.65795,-0.29747,-0.20626,-0.13117,-0.38147,-0.78005,-0.24784,-0.030429,0.24965,-0.58654,-0.39993,-0.20772,0.14638,0.23037
475,443.99,618.52,3071.6,2.9969,-2.8507,-3.0288,0,-0.12648,-0.091241,0.12044,-0.4,0.050008,-0.40591,0.98231,-0.541,0.014326,-0.2337,0.18916,-0.33378,0.92785,-0.47852,-0.23983,-0.015676,-0.33569,-0.81057,-0.18909,0.019589,0.41735,-0.48446,0.0059042,-0.22923,0.22934,0.32372
476,437.17,626.35,3064.4,2.9867,-2.8445,-3.0279,0,-0.12245,-0.074225,0.05674,-0.4,0.079259,-0.41362,0.99198,-0.47291,0.050421,-0.22025,0.18601,-0.31868,0.98637,-0.55165,-0.25339,0.031035,-0.31719,-0.82291,-0.16536,0.039833,0.48545,-0.44315,0.17097,-0.23793,0.26299,0.3615
477,407.08,685.5,3008.1,3.0011,-2.8691,-3.0135,0,-0.10479,-0.15373,0.017662,-0.33843,0.14678,-0.37943,0.99847,-0.59077,0.057289,-0.16229,0.20509,-0.2908,0.99742,-0.64993,-0.3569,0.15715,-0.16394,-0.66466,-0.1001,0.090564,0.5479,-0.53409,0.0056226,-0.29025,-0.066954,-0.091416
478,398.94,687.18,2990.2,3.0066,-2.891,-3.0168,0,-0.15538,-0.14384,0.0012314,-0.30221,0.19465,-0.35571,0.99971,-0.66056,0.083187,-0.17799,0.20227,-0.30978,0.98976,-0.43152,-0.37542,0.16964,-0.14069,-0.59461,-0.10694,0.086314,0.54434,-0.50405,-0.13831,-0.15232,-0.33799,-0.22921
479,389.19,692.4,2964.1,3.0178,-2.9007,-3.0332,0,-0.15912,-0.13331,0.065276,-0.23209,0.19791,-0.34883,0.99994,-0.67731,0.13935,-0.17443,0.21251,-0.31476,0.99805,-0.35529,-0.35296,0.2488,-0.072341,-0.53795,-0.17852,0.1792,0.19023,-0.81698,-0.27746,-0.3027,0.16185,-0.3718
480,385.56,691.76,2962,3.0204,-2.8781,-3.0385,0,-0.14896,-0.18678,0.17046,-0.18616,0.19918,-0.34353,0.99999,-0.73299,0.14765,-0.16258,0.23689,-0.3135,0.99963,-0.35012,-0.33374,0.30874,0.01181,-0.53768,-0.20751,0.21136,0.057148,-0.88761,-0.16444,-0.11276,0.16561,0.21828
481,391.83,689.87,2971.1,3.0326,-2.8874,-3.0517,0,-0.16821,-0.18952,0.15869,-0.08645,0.26257,-0.27107,1,-0.99977,0.1574,-0.14851,0.25019,-0.30951,0.99993,-0.43411,-0.33268,0.32092,0.058451,-0.46294,-0.24246,0.21012,-0.037567,-0.92822,-0.35554,-0.42742,0.29103,0.29007
482,394.04,668.28,2957.5,2.9986,-2.8755,-3.0521,0,-0.23055,-0.21836,0.093356,0.0053551,0.37879,-0.25637,1,-1.0536,0.055413,-0.021865,0.34147,-0.29337,0.78786,-1.0199,-0.26567,0.32325,0.12548,-0.10546,-0.27832,0.20599,-0.20452,-0.7636,-0.39158,-0.16868,0.20045,0.32579
483,395.06,658.88,2950.9,2.9848,-2.8707,-3.0523,0,-0.25576,-0.23001,0.066951,0.042604,0.42593,-0.25043,1,-1.0755,0.014208,0.029452,0.37842,-0.28684,0.70191,-1.2595,-0.23859,0.32419,0.15265,0.04044,-0.29282,0.20431,-0.27245,-0.69713,-0.3984,-0.063904,0.16385,0.34026
484,395.53,654.72,2947.7,2.9792,-2.8688,-3.0524,0,-0.26595,-0.23472,0.05628,0.057708,0.44504,-0.24803,1,-1.0843,-0.0024405,0.050238,0.39336,-0.2842,0.66709,-1.3574,-0.22765,0.32457,0.16366,0.088991,-0.29868,0.20364,-0.30006,-0.67028,-0.3997,-0.021477,0.14906,0.34612
485,395.74,652.88,2946.2,2.977,-2.868,-3.0524,0,-0.27007,-0.23663,0.051969,0.063827,0.45278,-0.24706,1,-1.0879,-0.0091668,0.058653,0.39941,-0.28314,0.65298,-1.3973,-0.22323,0.32473,0.16812,0.097951,-0.30105,0.20337,-0.31127,-0.65943,-0.39994,-0.0043029,0.14309,0.34849
486,395.84,652.07,2945.4,2.9761,-2.8677,-3.0524,0,-0.27174,-0.23739,0.050227,0.066305,0.45591,-0.24666,1,-1.0894,-0.011884,0.062059,0.40185,-0.28271,0.64727,-1.4136,-0.22144,0.32479,0.16993,0.099616,-0.30201,0.20326,-0.31581,-0.65505,-0.39999,0.0026465,0.14068,0.34945
487,456.97,568.56,3062.8,2.9886,-2.894,-3.064,0,-0.28094,-0.45062,0.1061,-0.30586,0.28307,-0.37955,0.35563,-0.8386,-0.11572,-0.27819,0.48598,-0.54141,0.89035,-1.212,-0.23645,0.27568,0.0979,-0.058965,-0.39631,0.098216,-0.43205,-0.57933,0.25149,0.27959,-0.084045,0.47156
488,491.21,540.18,3147.7,3.0351,-2.7756,-3.0723,0,-0.23317,-0.49067,0.4266,-0.38227,0.11197,-0.34761,0.67454,-0.14976,0.023224,-0.3771,0.37027,-0.50134,0.77646,-0.40337,-0.46293,0.21132,0.024886,-0.74718,-0.5137,0.080214,-0.39042,-0.74139,0.6196,0.45931,-0.067411,0.49461
489,506.44,562.65,3186.1,3.0321,-2.7998,-3.0916,0,-0.21063,-0.42762,0.42196,-0.39665,0.082534,-0.48747,0.55076,-0.61992,0.19356,-0.39568,0.23069,-0.50309,0.083444,-0.33143,-0.54931,0.11346,-0.015194,-0.87257,-0.57489,0.096561,-0.3163,-0.86736,0.057073,0.20525,-0.17016,0.42879
490,513.57,572.31,3205.9,3.0141,-2.8145,-3.0975,0,-0.21042,-0.37315,0.4227,-0.39936,0.069741,-0.50314,0.54465,-0.8088,0.26638,-0.39918,0.16126,-0.48055,0.011402,-0.31125,-0.60663,0.068565,-0.024576,-0.92443,-0.63012,0.077905,-0.25037,-0.92527,-0.16865,0.096385,-0.2259,0.41289
491,547.21,592.76,3233,2.9912,-2.8415,-3.1128,0,0.014732,-0.26742,0.41876,-0.39988,0.10257,-0.58583,0.70657,-0.42106,0.39939,-0.3119,0.086551,-0.44139,0.81672,-0.85892,-0.56003,-0.012177,-0.056878,-0.72126,-0.68828,0.061003,-0.090716,-0.99264,-0.35659,-0.18198,-0.26263,0.48341
492,551.99,607.25,3202.4,2.9818,-2.8398,-3.1279,0,-0.038011,0.20649,0.48463,-0.39998,0.081616,-0.67592,0.76552,-0.24293,0.48117,-0.12869,0.021627,-0.32398,0.9658,-1.1377,-0.47917,-0.058777,-0.10526,-0.59372,-0.69945,0.072373,0.031712,-0.98521,-0.39182,-0.44129,-0.37423,0.49683
493,541.36,658.2,3144.1,3.0397,-2.7794,-3.1086,0,0.10158,0.065612,0.49708,-0.12247,0.077047,-1.0621,0.95575,-0.33037,0.49646,0.10717,-0.14624,-0.46342,0.99358,-1.2169,-0.24604,-0.056666,-0.32065,-0.22371,-0.34571,-0.098028,0.33662,-0.68336,-0.39845,-0.13541,-0.24741,0.49939
494,533.5,705.44,3077.5,3.0525,-2.8198,-3.098,0,0.13988,-0.023561,0.49944,0.022082,0.086573,-1.157,0.99162,-0.47525,0.49933,0.27392,-0.20562,-0.53207,0.99879,-1.3509,-0.1302,-0.033168,-0.34624,-0.11665,-0.18036,-0.12717,0.51503,-0.5792,-0.39971,0.024057,-0.37121,0.29315
495,516.83,770.69,3008,3.0812,-2.9028,-3.0886,0,-0.079867,0.16794,0.49989,-0.022434,0.088633,-1.2283,0.99841,-0.30038,0.43739,0.35738,-0.14743,-0.79879,0.99977,-1.0969,-0.19452,-0.017406,-0.36977,-0.27673,-0.029299,-0.04655,0.53728,-0.31719,-0.39994,0.1201,-0.39455,0.045956
496,511.66,766.5,2982,3.0828,-2.9687,-3.0876,0,-0.078408,0.078897,0.49998,-0.055855,0.057319,-1.1583,0.9997,-0.25681,0.48811,0.38246,-0.087063,-0.93345,0.99996,-1.083,-0.27184,-0.01505,-0.3947,-0.38007,0.028654,-0.0073357,0.53467,-0.22972,-0.39999,-0.18473,-0.39896,-0.10382
497,509.46,766.74,2969.3,3.0842,-2.9954,-3.0861,0,-0.08872,0.057162,0.5,-0.10679,0.047476,-1.1331,0.99994,-0.2499,0.48664,0.38808,-0.077798,-0.9912,0.99999,-1.0508,-0.30684,-0.017073,-0.39917,-0.43115,0.049401,0.0091205,0.53695,-0.20403,-0.4,-0.28745,-0.3998,-0.169
498,508.54,766.86,2963.1,3.0848,-3.0062,-3.0854,0,-0.092884,0.048375,0.5,-0.12736,0.043498,-1.1229,0.99999,-0.2471,0.48605,0.39036,-0.074052,-1.0147,1,-1.0378,-0.32097,-0.01789,-0.40099,-0.45178,0.05782,0.015763,0.53788,-0.1936,-0.4,-0.3291,-0.39996,-0.1955
499,509.1,839.1,2987.9,3.0227,-2.9338,-3.0832,0,-0.26081,0.20824,0.49905,-0.34856,0.086609,-0.77557,1,-0.26289,0.10499,-0.031742,-0.173,-0.82359,1,-0.7336,-0.70266,-0.033833,-0.17357,-1.0789,-0.3315,-0.014243,0.54568,-1.0464,-0.047127,-0.31562,-0.086058,-0.39793
500,496.86,831.51,2969,2.9706,-2.8479,-3.1104,0,-0.29256,0.28173,0.30045,-0.34171,0.22654,-0.69887,0.83991,-0.5045,-0.16465,0.076513,-0.096905,-0.40992,0.75955,-0.63407,-0.86435,-0.24293,0.22409,-1.4551,-0.66797,-0.0099463,0.50502,-1.5955,0.0042148,-0.027706,0.37313,0.15479
501,494.61,820.58,2972.8,2.9392,-2.7871,-3.1288,0,-0.29858,0.10391,0.34286,-0.34609,0.16802,-0.43826,0.96474,-0.64031,-0.1303,-0.11082,-0.061311,-0.36125,0.53931,-0.75201,-0.87004,-0.30777,0.40572,-1.4269,-0.79054,0.01808,0.46152,-1.7018,0.22356,-0.13746,0.34866,0.4087
502,493.61,815.29,2974.6,2.9266,-2.7625,-3.1363,0,-0.29973,0.032058,0.35999,-0.34786,0.1444,-0.33213,0.99325,-0.6954,-0.11636,-0.18685,-0.046943,-0.3415,0.44976,-0.79968,-0.87235,-0.33407,0.47979,-1.4154,-0.84045,0.029397,0.44395,-1.7454,0.31289,-0.18181,0.33871,0.48294
503,494.82,799.13,2960.4,2.8758,-2.7921,-3.1449,0,-0.29995,-0.057991,0.34605,-0.39007,0.15237,-0.35041,0.9987,-0.52783,0.007279,-0.36033,-0.046633,-0.43466,0.70865,-0.14368,-0.79824,-0.23312,0.53451,-1.2958,-0.91138,0.044912,0.35931,-1.7719,0.2351,-0.23519,0.34786,0.49679
504,491.63,761.05,2979.3,2.8473,-2.7994,-3.1466,0,-0.29999,-0.2002,0.3557,-0.3981,0.144,-0.34798,0.99975,-0.47062,0.030522,-0.39257,-0.011054,-0.50285,0.62894,-0.079075,-0.74708,-0.15915,0.56018,-1.113,-0.96753,0.038924,0.2865,-1.6587,-0.17901,-0.24833,0.16958,0.49939
505,490.22,743.09,2987.5,2.8357,-2.8023,-3.1473,0,-0.3,-0.25789,0.3596,-0.39964,0.14062,-0.347,0.99995,-0.44751,0.039913,-0.3986,0.0033201,-0.53038,0.59669,-0.052722,-0.72641,-0.12927,0.57062,-1.0391,-0.99036,0.036506,0.25704,-1.6127,-0.34725,-0.25364,0.097611,0.49989
506,496.42,661.55,2999.1,2.8525,-2.7529,-3.1783,0,-0.26772,-0.18761,0.16677,-0.29726,0.12643,-0.31062,0.99999,-0.89927,-0.040827,-0.39974,0.12776,-0.55794,0.82909,-0.50442,-0.61228,-0.070672,0.51203,-0.70461,-0.93525,0.12523,0.1285,-1.2328,-0.1869,-0.17179,-0.082806,0.49998
507,462.07,580.34,2961.9,2.8952,-2.6001,-3.1816,0,-0.25625,-0.086912,-0.2034,-0.13391,0.18213,-0.39507,1,-1.138,-0.03056,-0.33087,0.20308,-0.54678,0.39111,-0.49267,-0.44724,0.11829,0.31392,-0.17735,-0.72547,0.15668,-0.034121,-0.7878,-0.26358,-0.43837,0.55695,0.5
508,448.03,542.61,2945.5,2.9204,-2.5596,-3.1981,0,-0.25521,-0.026932,-0.36401,-0.080334,0.10941,-0.42412,1,-1.2214,0.094797,-0.36045,0.39098,-0.48008,0.17221,-0.53761,-0.38918,0.21531,0.23922,0.039094,-0.63409,0.12228,-0.037224,-0.61314,-0.33152,-0.48838,0.63064,0.41777
509,443.53,522.6,2941.4,2.9521,-2.5622,-3.2213,0,-0.25054,-0.0051562,-0.39335,-0.095963,-0.11553,-0.4139,1,-1.2306,0.26669,-0.34994,0.60348,-0.50411,-0.013086,-0.5969,-0.36074,0.26212,0.20079,0.075073,-0.58268,0.089899,-0.03017,-0.56002,-0.35546,-0.4978,0.64734,0.26597
510,437.41,459.93,2951,2.9428,-2.8506,-3.2029,0,-0.29051,0.18956,-0.16952,-0.33839,-0.2751,-0.59449,1,-0.96484,0.45649,-0.1454,0.61125,-0.48357,0.81326,-0.11006,-0.29347,0.27692,0.069708,-0.0074777,-0.50316,0.056413,-0.06545,-0.82564,0.053975,-0.49958,0.46587,-0.36228
511,442.08,438.19,3025.6,2.9257,-2.7895,-3.1737,0,-0.29818,0.06268,0.03652,-0.38828,-0.19114,-0.63048,0.84454,-0.90915,0.45793,-0.032141,0.49586,-0.47466,0.96532,-1.1769,-0.34177,0.2606,-0.28075,-0.0079832,-0.69589,-0.052054,0.1568,-1.1058,0.58378,-0.49992,0.12785,-0.47495
512,453.04,460.38,3074.5,2.9216,-2.738,-3.1606,0,-0.23795,0.029415,0.17912,-0.39776,-0.16647,-0.56227,0.6406,-1.1869,0.24201,0.016308,0.39086,-0.32683,0.78532,-1.1059,-0.34885,0.24264,-0.47976,0.074645,-0.8432,-0.07233,0.28137,-1.2564,0.45185,-0.49999,-0.15467,-0.34774
513,462.01,473.48,3085.8,2.9364,-2.6357,-3.1802,0,-0.26374,-0.11562,0.18689,-0.29949,-0.17372,-0.47962,0.49598,-1.6317,-0.016831,-0.24286,0.39848,-0.48346,-0.39894,-1.2372,-0.28881,0.2051,-0.55827,0.095264,-0.91228,-0.1,0.36451,-1.2635,0.37818,-0.5,-0.15921,0.24757
514,467.75,468.8,3078.2,2.946,-2.6359,-3.1841,0,-0.21577,-0.16312,0.1949,-0.26615,-0.15187,-0.47553,0.45802,-1.7622,-0.024934,-0.13375,0.35525,-0.41419,-0.3336,-1.0129,-0.26712,0.18213,-0.54595,0.099111,-0.94586,-0.094428,0.41328,-1.2802,0.3709,-0.27671,-0.21814,0.45301
515,471.17,481.5,3061.9,2.9745,-2.5675,-3.2004,0,-0.19553,-0.0981,0.28832,-0.24305,-0.17474,-0.55813,0.46217,-1.6297,-0.059344,-0.13625,0.31129,-0.43992,-0.21689,-1.1844,-0.27205,0.12964,-0.58995,0.099832,-0.97864,-0.053146,0.31758,-1.2756,0.52524,-0.45738,-0.25842,-0.015159
516,464.81,494.87,3066.2,3.0044,-2.7075,-3.2116,0,-0.27875,-0.35123,-0.27303,-0.37006,-0.050558,-0.85129,0.39582,-1.8002,-0.0072813,-0.20902,0.31629,-0.52565,0.19761,-0.70543,-0.31895,0.12455,-0.5206,0.099968,-0.98568,-0.017775,0.27426,-1.2404,-0.071415,0.32849,0.27126,0.2129
517,438.31,485.32,3047.2,3.0069,-2.8362,-3.2838,0,-0.29567,-0.4575,-0.18371,-0.39428,-0.062127,-0.67006,0.8869,-1.7557,0.078571,-0.32116,0.383,-0.42777,-0.051688,-0.62957,-0.63717,0.32044,-0.45048,-0.25102,-0.84367,-0.19363,0.29983,-1.0674,0.48142,-0.34364,0.3032,0.44535
518,410.27,478.46,3024.9,2.9672,-2.9658,-3.3496,0,-0.29917,-0.32439,-0.35969,-0.39891,-0.3989,-0.41763,0.97872,-1.773,0.23156,-0.34081,0.55308,-0.36642,-0.36287,-0.56038,-0.91542,0.52704,-0.37467,-0.53026,-0.79739,-0.39082,0.35163,-1.0202,0.5844,-0.47039,0.31783,0.48973
519,396.74,475.2,3014.6,2.9512,-3.0183,-3.3762,0,-0.29984,-0.2706,-0.39244,-0.39979,-0.53594,-0.31521,0.99598,-1.78,0.29355,-0.34876,0.62208,-0.3416,-0.48987,-0.53232,-1.0289,0.61106,-0.34407,-0.64398,-0.77868,-0.47098,0.37259,-1.0012,0.62624,-0.49437,0.32376,0.49806
520,390.21,473.65,3009.8,2.9448,-3.0396,-3.3869,0,-0.29997,-0.24887,-0.39858,-0.39996,-0.59166,-0.27367,0.99924,-1.7828,0.31866,-0.35198,0.65005,-0.33156,-0.54164,-0.52095,-1.0751,0.64519,-0.33171,-0.69025,-0.77113,-0.50354,0.38106,-0.99345,0.64323,-0.49893,0.32615,0.49963
521,355.1,455.11,2966.8,3.0081,-3.0931,-3.3241,0,-0.29999,-0.21121,0.1878,-0.39999,0.084408,0.17305,0.99986,-2.0338,0.39883,-0.22277,0.65391,-0.17371,-0.76399,-0.30725,-1.3575,0.7712,-0.18776,-1.4201,-0.59989,-0.32262,0.5588,-1.1915,0.49564,-0.30557,0.6308,0.49993
522,337.97,446.22,2946,3.0337,-3.1148,-3.2988,0,-0.3,-0.19601,0.42705,-0.4,0.36051,0.35586,0.99997,-2.1361,0.43133,-0.17052,0.65547,-0.10966,-0.85481,-0.22031,-1.473,0.79461,-0.12944,-1.7212,-0.53042,-0.24957,0.59222,-1.2718,0.43607,-0.22729,0.6871,0.49999
523,361.24,445.5,2913.1,3.0592,-3.107,-3.2556,0,-0.3,-0.24433,0.10549,-0.4,-0.040742,0.14739,0.86293,-1.9213,0.19733,-0.23839,0.69154,-0.13548,-0.25425,-1.6829,-1.1356,0.79899,-0.3163,-1.4242,-0.70834,-0.26761,0.58681,-1.5941,0.65031,-0.44816,-0.028847,0.47548
524,371.86,445.57,2896.8,3.0715,-3.1023,-3.238,0,-0.3,-0.26751,-0.019611,-0.4,-0.1956,0.085075,0.81908,-1.8398,0.1125,-0.26927,0.69839,-0.14369,-0.011129,-2.2872,-0.99481,0.79981,-0.39594,-1.3028,-0.77921,-0.27279,0.58303,-1.7241,0.69061,-0.48535,-0.31824,0.46958
525,359.5,454.52,2877.8,3.0899,-3.1049,-3.2217,0,-0.3,-0.16448,-0.049075,-0.4,-0.2057,0.047214,0.91797,-1.874,0.083177,-0.31064,0.69969,-0.18244,0.19773,-2.3482,-0.946,0.79996,-0.42643,-1.3251,-0.84532,-0.25331,0.55086,-1.7227,0.69822,-0.18943,-0.29444,0.49418
526,339.49,460.64,2857.6,3.1108,-3.0908,-3.2107,0,-0.3,-0.10662,-0.00022998,-0.4,-0.19429,0.0017555,0.98435,-1.8717,0.072042,-0.33202,0.69994,-0.21416,0.28759,-2.2528,-0.953,0.79999,-0.48979,-1.3769,-0.89037,-0.22455,0.51597,-1.6843,0.65841,-0.44094,-0.13886,0.49889
527,287.77,469.13,2784.7,3.1377,-3.0285,-3.1976,0,-0.3,-0.26925,-0.021996,-0.4,0.0026093,-0.15532,0.99701,-1.9605,-0.046529,-0.34282,0.69999,-0.2859,0.34577,-1.9134,-1.0134,0.8,-0.57918,-1.4588,-0.89221,-0.091557,0.41779,-1.4135,0.69208,-0.48874,0.50275,0.49979
528,256.59,467.99,2752,3.1213,-2.9918,-3.1859,0,-0.3,-0.45658,0.40351,-0.4,-0.25713,-0.42214,0.99943,-1.5444,-0.13225,-0.35849,0.7,-0.37569,0.50984,-1.7613,-0.97814,0.8,-0.49101,-1.4856,-0.91361,-0.018212,0.38153,-1.3403,0.69849,0.27816,0.56138,0.49996
529,241.68,463.43,2736.9,3.0995,-3.0055,-3.1891,0,-0.3,-0.45414,0.25464,-0.4,-0.33401,-0.56483,0.9741,-1.2933,-0.20999,-0.39207,0.7,-0.42794,0.52006,-1.625,-0.98721,0.8,-0.53771,-1.5306,-0.93909,0.078429,0.30499,-1.3142,0.50584,-0.35317,0.67431,0.49999
530,226.02,446.94,2730.7,3.0687,-3.0176,-3.1875,0,-0.3,-0.43502,0.29382,-0.4,-0.32461,-0.61992,0.99503,-1.7806,-0.24758,-0.39848,0.69108,-0.42784,0.40653,-1.5237,-0.97227,0.77525,-0.54707,-1.5594,-0.96774,0.12974,0.24377,-1.3458,0.66296,-0.25764,0.69521,0.5
531,207.86,432.45,2777.6,3.0971,-2.9523,-3.231,0,-0.3,-0.48767,-0.0089704,-0.4,-0.39773,-0.611,0.99905,-1.6203,-0.033215,-0.39123,0.56192,-0.38437,0.54392,-1.3424,-0.86155,0.6103,-0.50354,-1.2017,-1.0566,0.135,0.195,-1.4263,0.69292,-0.45414,0.6127,0.5
532,195.35,430.39,2804.1,3.1053,-2.9073,-3.2428,0,-0.3,-0.48992,-0.096822,-0.4,-0.40781,-0.59249,0.90119,-1.9424,-0.029378,-0.38907,0.55198,-0.36479,0.47143,-1.2989,-0.80891,0.55223,-0.46556,-1.0708,-1.0897,0.13995,0.17514,-1.4447,0.69864,-0.49129,0.54911,0.5
533,187.57,441.55,2821.1,3.1346,-2.8591,-3.239,0,-0.3,-0.48805,-0.28189,-0.4,-0.57882,-0.50318,0.79606,-2.1123,-0.04598,-0.3979,0.57632,-0.37398,0.32466,-1.2236,-0.75365,0.42071,-0.47871,-1.027,-1.0671,0.13608,0.17103,-1.4343,0.48819,-0.49834,0.53021,0.37712
534,162.12,474.83,2837.4,3.1738,-2.7855,-3.2205,0,-0.3,-0.49772,-0.37797,-0.37138,-0.45507,-0.49784,0.7248,-2.0135,0.12231,-0.38982,0.49406,-1.0818,0.87709,-1.5812,-0.67629,0.24084,-0.51376,-0.97164,-0.94865,0.036724,0.42172,-1.7699,0.12721,-0.49968,0.56939,0.4764
535,126.04,499.7,2895,3.1755,-2.6751,-3.2013,0,-0.3,-0.49956,0.33855,-0.39449,-0.76335,-1.2392,0.9475,-1.3231,0.43009,-0.38388,0.18031,-1.343,0.97741,-1.5789,-0.64007,0.11607,-0.53994,-0.98289,-0.9339,0.10569,0.36538,-1.6337,0.047553,-0.34923,0.6753,0.49547
536,117.56,514.3,2916.7,3.1623,-2.4908,-3.2155,0,-0.3,-0.42942,0.4699,-0.39894,-0.75568,-1.0294,0.93466,-1.2325,-0.0096367,-0.35684,-0.020871,-1.3897,0.99582,-1.5027,-0.57898,-0.024514,-0.4575,-1.0402,-0.9927,0.26278,0.26858,-1.5492,0.082687,-0.26575,0.69441,0.47961
537,161.24,531.99,2875.2,2.9858,-1.3981,-3.3698,0,-0.3,-0.12746,0.34925,-0.3998,0.041471,-0.53611,0.62102,-1.4128,0.10511,-0.38379,0.26622,-1.0131,0.99922,-0.67754,-0.31715,-0.19798,0.25124,-1.1685,-1.3674,0.70238,0.12919,-1.085,0.0080141,-0.45538,-0.20456,-0.32543
538,180.78,536.7,2895.1,2.9551,-1.1162,-3.4115,0,-0.3,-0.23188,0.081368,-0.39996,0.11129,-0.52751,0.66769,-1.3747,0.42654,-0.21418,0.28355,-1.0904,0.63898,-0.11761,-0.21497,-0.27664,0.53763,-1.3899,-1.3943,0.70827,0.060061,-1.0216,-0.055078,-0.49148,-0.36465,-0.46848
539,189.14,538.96,2904.6,2.9427,-0.99977,-3.4284,0,-0.3,-0.27407,-0.027137,-0.39999,0.1397,-0.52403,0.68657,-1.3592,0.48625,-0.14544,0.29056,-1.1218,0.49302,-0.020772,-0.17338,-0.3087,0.5887,-1.4798,-1.4052,0.71067,0.032043,-0.99584,-0.080704,-0.49837,-0.39354,-0.49425
540,161.9,510.34,2921.7,2.9255,-0.95239,-3.4826,0,-0.3,-0.13108,-0.33099,-0.4,-0.017334,-0.68081,0.5762,-1.5427,0.49741,0.3007,-0.19931,-1.0068,-0.74664,-0.0037227,-0.69773,-0.41532,0.36349,-1.956,-1.1534,0.16478,0.43009,-1.3355,0.038063,-0.49969,0.028265,-0.1598
541,180.45,500.29,2946.1,2.924,-0.93125,-3.4751,0,-0.3,-0.10268,-0.38714,-0.4,-0.14952,-0.63615,0.54056,-2.0199,0.49847,0.38175,-0.41852,-0.80094,-0.9561,-0.00067535,-1.1763,-0.22646,0.29672,-2.1615,-0.83761,0.10877,0.36831,-1.2135,-0.10718,0.32134,0.4743,0.0082843
542,208.27,522.42,2984.7,2.9215,-1.0013,-3.4218,0,-0.16248,0.12761,-0.29465,-0.29234,-0.095835,-0.77634,0.91353,-1.6963,0.46361,0.38552,-0.34323,-0.75332,-0.96648,-0.00012378,-1.4406,-0.049977,0.30693,-2.0254,-0.52713,0.18166,0.23878,-0.92423,-0.11811,0.46766,0.33151,0.29828
543,221.43,532.86,3003.6,2.9204,-1.0299,-3.4003,0,-0.10678,0.22133,-0.25721,-0.24876,-0.074124,-0.83315,0.98366,-1.5654,0.4495,0.38705,-0.31263,-0.73404,-0.97074,-2.288e-05,-1.5487,0.021353,0.31106,-1.97,-0.40037,0.21111,0.1864,-0.8065,-0.12253,0.49409,0.27384,0.41613
544,240.83,591.11,3059.5,2.9432,-0.98466,-3.3533,0,0.031386,0.15474,0.02506,-0.0021428,-0.1854,-1.1207,0.9969,-1.5686,0.28629,0.39757,-0.22735,-0.93853,-0.9947,-4.2594e-06,-1.3371,0.054759,0.19341,-1.6412,-0.24128,0.2267,0.059446,-0.76711,0.35194,0.48928,0.045272,0.4581
545,267.16,597.41,3107.6,2.9774,-1.2116,-3.3583,0,0.04452,-0.015226,-0.056571,-0.0028043,-0.079705,-1.0251,0.99941,-1.3021,0.35598,0.39954,-0.36017,-0.7212,-0.99903,-7.9764e-07,-1.2697,0.091918,0.26696,-1.4168,-0.18374,0.321,0.0082019,-0.80018,0.44664,0.14513,0.40243,0.49212
546,302.22,596.17,3131.7,3.0021,-1.2529,-3.3576,0,-0.033694,-0.13998,-0.30628,-0.16065,-0.035206,-0.92321,0.69822,-0.22213,0.2581,0.39991,-0.38093,-0.70075,-0.4068,-0.81502,-1.1971,0.1513,0.30881,-1.2107,-0.18811,0.37707,-0.068195,-0.97075,0.65325,0.43403,0.64478,0.49851
547,323.04,593.09,3150.4,3.0159,-1.2537,-3.3619,0,0.0010288,-0.28199,-0.38233,-0.35453,-0.045486,-0.7662,0.74865,-0.18094,0.05873,0.39291,-0.31438,-0.89041,-0.02482,-0.81437,-1.1586,0.19432,0.25623,-1.1422,-0.2816,0.443,0.016763,-1.2238,0.69131,0.48766,0.6822,0.49972
548,308.79,583.62,3171.5,3.0123,-1.2556,-3.3773,0,0.0533,-0.2575,-0.39666,-0.39134,-0.088032,-0.67658,0.61257,-0.31079,-0.11247,0.34283,-0.20528,-1.0638,0.39008,-0.70161,-1.0369,0.30973,0.22043,-0.84536,-0.46613,0.42355,0.12126,-1.4585,0.69837,0.49768,0.52292,0.49995
549,277.05,592.66,3211.2,2.964,-1.2516,-3.4007,0,-0.19736,0.029606,-0.13308,-0.39835,-0.16951,-0.55792,0.60223,-1.0879,-0.15698,0.11549,0.0066444,-0.89346,0.89328,-0.88269,-0.88047,0.32218,0.13348,-0.5023,-0.9141,0.20475,0.34,-1.96,0.69969,0.49956,-0.23334,0.49999
550,264.03,596.94,3230.7,2.9446,-1.25,-3.4101,0,-0.28053,0.14612,-0.026289,-0.39968,-0.20246,-0.5098,0.59804,-1.4043,-0.17506,0.023331,0.092608,-0.82464,0.98102,-0.95632,-0.81702,0.32722,0.09831,-0.36163,-1.0968,0.11607,0.42879,-2.1658,0.69994,0.49992,-0.36957,0.5
551,228.54,616.05,3249.8,2.9594,-1.1126,-3.3513,0,-0.04905,0.078088,0.15378,-0.39994,-0.11135,-0.3801,-0.0090383,-1.8456,-0.33661,-0.15395,0.13847,-0.55511,0.94259,-1.2652,-0.49093,0.30665,-0.0039175,0.018757,-1.2431,0.032694,0.28791,-2.0398,0.69999,0.49998,-0.39439,0.35561
552,233.07,656.2,3339.6,2.9491,-0.99387,-3.2819,0,-0.050082,0.095206,0.35498,-0.39999,-0.0032956,-0.32783,-0.1974,-1.8105,-0.36789,-0.22454,0.25668,-0.37968,0.98955,-1.4945,-0.068043,0.13636,0.042063,0.085484,-1.2772,0.10673,0.31147,-2.0158,0.7,0.5,0.25557,-0.084721
553,235.14,675.8,3384,2.9449,-0.94569,-3.2538,0,-0.050499,0.10213,0.43693,-0.4,0.04045,-0.30662,-0.27446,-1.7962,-0.38059,-0.25322,0.30468,-0.30828,0.99808,-1.5883,0.10545,0.06745,0.060644,0.097373,-1.291,0.13664,0.321,-2.006,0.7,0.5,0.52027,-0.26448
554,214.56,720.61,3404.4,2.947,-0.78318,-3.206,0,-0.04634,0.10931,0.48827,-0.4,0.050046,-0.42083,-0.17739,-1.8798,-0.29306,-0.32121,0.28311,-0.33638,0.99964,-1.3766,0.22791,0.059267,-0.074804,0.056473,-1.1952,0.080503,0.50297,-1.4022,0.66819,-0.32086,0.27377,-0.45709
555,208.47,746.25,3494.5,2.9505,-0.68257,-3.1679,0,-0.056179,0.24587,0.32126,-0.4,0.4262,-0.57517,0.33281,-1.9452,-0.25898,-0.38524,0.22501,-0.42111,0.92191,-1.1763,0.3047,0.077893,0.42268,-0.38317,-0.90517,0.14481,0.48554,-1.1926,0.36948,0.34508,0.22853,-0.39013
556,200.26,735.64,3520.8,2.9833,-0.62567,-3.1534,0,0.038373,-0.056999,0.19741,-0.4,0.27308,-0.59686,0.40107,-1.5301,-0.13754,-0.37736,0.15626,-0.41273,0.87779,-1.2496,0.22726,0.043716,0.50081,-0.76903,-0.76819,0.16122,0.41427,-0.93876,0.63711,0.078766,0.2709,-0.21687
557,182.54,725.46,3540.8,3.0289,-0.58712,-3.1468,0,0.021043,-0.26153,0.11026,-0.4,0.26381,-0.6749,0.55361,-0.8586,-0.025129,-0.39572,0.11179,-0.48426,0.97672,-1.1487,0.079344,-0.022957,0.55449,-0.9294,-0.75992,0.13047,0.34431,-0.81099,0.68801,0.1949,0.38299,0.3678
558,164.17,720.35,3562.3,3.0504,-0.63153,-3.1632,0,-0.060366,-0.26771,0.045748,-0.4,0.25108,-0.74245,0.86245,-0.29976,0.22679,-0.39136,0.011087,-0.52926,0.95452,-0.90687,-0.10508,-0.11066,0.56736,-1.1506,-0.77263,0.14127,0.26608,-1.27,0.69771,0.21951,0.64113,0.47544
559,147.15,714.09,3543.9,3.0711,-0.58834,-3.2062,0,-0.061495,-0.17236,0.30653,-0.4,0.15433,-0.94639,0.25191,-0.29575,-0.18913,-0.39836,0.10557,-0.75183,0.99139,-0.75869,-0.34955,-0.054304,0.59385,-1.3768,-0.80751,0.34614,0.1355,-1.1881,0.69956,0.44711,0.689,0.49541
560,170.53,696.85,3506.6,3.1103,-0.54563,-3.2169,0,-0.20016,-0.19966,0.46371,-0.37123,-0.034276,-1.0601,-0.18702,-0.68179,-0.35094,-0.39461,0.06976,-0.78769,0.99837,-0.65312,-0.41525,0.080934,0.59884,-1.4272,-0.79437,0.36853,0.033152,-1.2202,0.69992,0.48999,0.69793,0.49914
561,163.86,687.61,3525.5,3.149,-0.56289,-3.2116,0,-0.21699,-0.28957,0.49316,-0.35109,-0.33316,-1.0833,-0.4064,-0.50218,-0.39074,-0.3638,0.083362,-0.75571,0.99969,-0.68464,-0.44934,0.1537,0.59978,-1.4315,-0.73221,0.36993,0.0038857,-1.2218,0.69998,0.4981,0.69961,0.49984
562,177.31,676.89,3546.4,3.2403,-0.67505,-3.1415,0,-0.23397,-0.39652,0.49871,-0.39059,-0.43687,-1.1256,-0.67703,-0.089982,-0.39825,-0.31715,0.14137,-0.63911,0.99994,-0.67416,-0.35053,0.33812,0.59996,-1.3378,-0.5712,0.15571,0.040535,-1.4061,0.7,0.49964,0.69993,0.49997
563,169.75,683.71,3587.4,3.2453,-0.76518,-3.1219,0,-0.22573,-0.4419,0.49975,-0.39819,-0.4578,-1.1383,-0.85958,-0.016322,-0.39967,-0.31184,0.16926,-0.61269,0.99999,-0.7872,-0.27042,0.38885,0.59999,-1.2462,-0.45736,0.015008,0.085771,-1.3737,0.7,0.49993,0.69999,0.49999
564,165.25,695.62,3633.6,3.2262,-0.81194,-3.1041,0,-0.21528,-0.39932,0.49995,-0.39965,-0.447,-1.1724,-0.93308,-0.002991,-0.39994,-0.29506,0.183,-0.58835,1,-0.82202,-0.18628,0.40715,0.6,-1.4701,-0.37206,-0.027397,0.1343,-1.2854,0.7,0.49999,0.7,0.5
