-283.63, 
149.424,
 -5.7605,
 -283.63,
 449.426, 
 -5.7605,
 -283.63, 
 449.426,
 2994.22,
 -283.63,
 449.426,
 2994.22, 
 -283.63, 
 449.426,
 2994.22,
 -283.63,
 449.426,
 2994.22,
 -276.086,
 535.414, 
 3001.78,
 -276.086,
 535.414, 
 3001.78,
 -276.086,
 535.414,
 3001.78, 
 -265.596,
 651.763, 
 3012.8,
 -265.596,
 651.763, 
 3012.8, 
 -265.596,
 651.763, 
 3012.8, 
 -292.871, 
 317.896,
 2989.11, 
 -292.871, 
 317.896, 
 2989.11, 
 -292.871,
 317.896,
 2989.11, 
 -298.23, 
 156.99, 
 2999.56,
 -298.23, 
 156.99, 
 2999.56, 
 -298.23, 
 156.99, 
 2999.56, 
 -305.842,
 743.799, 
 2885.2, 
 -305.842,
 743.799, 
 2885.2, 
 -305.842,
 743.799,
 2885.2,
 -304.058, 
 955.987, 
 2856.58,
 -380.141,
 665.33,  
 2935.5, 
 -380.141,
 665.33, 
 2935.5, 
 -462.905,
 709.568,
 2993.86, 
 -462.905,
 709.568, 
 2993.86, 
 -462.905,
 709.568, 
 2993.86, 
 -564.57, 
 468.013, 
 3103.08, 
 -643.452,
 332.282, 
 3131.29, 
 -720.841,
 220.507, 
 3150.86, 
 -720.841,
 220.507, 
 3150.86, 
 -753.566,
 166.59,  
 3167.6, 
 -225.258,
 654.521,
 2877.35, 
 -225.258,
 654.521, 
 2877.35, 
 -89.2399,
 675.148, 
 2894.74, 
 -89.2399,
 675.148, 
 2894.74, 
 -89.2399,
 675.148, 
 2894.74, 
 -9.55576,
 425.753, 
 2909.07, 
 33.0098, 
 288.089, 
 2893.5, 
 101.472, 
 134.986,
 2883.36,
 101.472,
 134.986,
 2883.36,
 123.569,
 86.991, 
 2877.39,
 -406.176,
 84.3309,
 3006.08, 
 -406.176,
 84.3309, 
 3006.08, 
 -406.176,
 84.3309, 
 3006.08, 
 -390.646,
 -362.518,
 3010.47, 
 -373.276,
 -758.208,
 3004.93, 
 -373.276,
 -758.208,
 3004.93, 
 -373.276,
 -758.208,
 3004.93, 
 -509.23, 
 -823.087,
 2894.7, 
 -221.303,
 63.0944, 
 2923.15, 
 -221.303,
 63.0944, 
 2923.15, 
 -221.303,
 63.0944, 
 2923.15, 
 -137.738,
 -375.36, 
 2984.49, 
 -98.8259,
 -777.079,
 3004.08, 
 -98.8259,
 -777.079,
 3004.08, 
 -98.8259,
 -777.079,
 3004.08, 
 -141.393,
 -839.409,
 2862.69